240 120
3 5
2 2 2 2 2 2 2 2 2 2 2 2 2 2 2 2 2 2 2 2 2 2 2 2 2 2 2 2 2 2 2 2 2 2 2 2 2 2 2 2 2 2 2 2 2 2 2 2 2 2 2 2 2 2 2 2 2 2 2 2 3 3 3 3 3 3 3 3 3 3 3 3 3 3 3 3 3 3 3 3 3 3 3 3 3 3 3 3 3 3 3 3 3 3 3 3 3 3 3 3 3 3 3 3 3 3 3 3 3 3 3 3 3 3 3 3 3 3 3 3 3 3 3 3 3 3 3 3 3 3 3 3 3 3 3 3 3 3 3 3 3 3 3 3 3 3 3 3 3 3 3 3 3 3 3 3 3 3 3 3 3 3 3 3 3 3 3 3 3 3 3 3 3 3 3 3 3 3 3 3 2 2 2 2 2 2 2 2 2 2 2 2 2 2 2 2 2 2 2 2 2 2 2 2 2 2 2 2 2 2 2 2 2 2 2 2 2 2 2 2 2 2 2 2 2 2 2 2 2 2 2 2 2 2 2 2 2 2 2 2 
5 5 5 5 5 5 5 5 5 5 5 5 5 5 5 5 5 5 5 5 5 5 5 5 5 5 5 5 5 5 5 5 5 5 5 5 5 5 5 5 5 5 5 5 5 5 5 5 5 5 5 5 5 5 5 5 5 5 5 5 5 5 5 5 5 5 5 5 5 5 5 5 5 5 5 5 5 5 5 5 5 5 5 5 5 5 5 5 5 5 5 5 5 5 5 5 5 5 5 5 5 5 5 5 5 5 5 5 5 5 5 5 5 5 5 5 5 5 5 5 
18 87 0 
19 88 0 
20 89 0 
21 90 0 
22 91 0 
23 92 0 
24 93 0 
25 94 0 
26 95 0 
27 96 0 
28 97 0 
29 98 0 
30 99 0 
31 100 0 
32 101 0 
33 102 0 
34 103 0 
35 104 0 
36 105 0 
37 106 0 
38 107 0 
39 108 0 
40 109 0 
41 110 0 
42 111 0 
43 112 0 
44 113 0 
45 114 0 
46 115 0 
47 116 0 
48 117 0 
49 118 0 
50 119 0 
51 120 0 
52 61 0 
53 62 0 
54 63 0 
55 64 0 
56 65 0 
57 66 0 
58 67 0 
59 68 0 
60 69 0 
1 70 0 
2 71 0 
3 72 0 
4 73 0 
5 74 0 
6 75 0 
7 76 0 
8 77 0 
9 78 0 
10 79 0 
11 80 0 
12 81 0 
13 82 0 
14 83 0 
15 84 0 
16 85 0 
17 86 0 
19 26 87 
20 27 88 
21 28 89 
22 29 90 
23 30 91 
24 31 92 
25 32 93 
26 33 94 
27 34 95 
28 35 96 
29 36 97 
30 37 98 
31 38 99 
32 39 100 
33 40 101 
34 41 102 
35 42 103 
36 43 104 
37 44 105 
38 45 106 
39 46 107 
40 47 108 
41 48 109 
42 49 110 
43 50 111 
44 51 112 
45 52 113 
46 53 114 
47 54 115 
48 55 116 
49 56 117 
50 57 118 
51 58 119 
52 59 120 
53 60 61 
1 54 62 
2 55 63 
3 56 64 
4 57 65 
5 58 66 
6 59 67 
7 60 68 
1 8 69 
2 9 70 
3 10 71 
4 11 72 
5 12 73 
6 13 74 
7 14 75 
8 15 76 
9 16 77 
10 17 78 
11 18 79 
12 19 80 
13 20 81 
14 21 82 
15 22 83 
16 23 84 
17 24 85 
18 25 86 
24 80 108 
25 81 109 
26 82 110 
27 83 111 
28 84 112 
29 85 113 
30 86 114 
31 87 115 
32 88 116 
33 89 117 
34 90 118 
35 91 119 
36 92 120 
37 61 93 
38 62 94 
39 63 95 
40 64 96 
41 65 97 
42 66 98 
43 67 99 
44 68 100 
45 69 101 
46 70 102 
47 71 103 
48 72 104 
49 73 105 
50 74 106 
51 75 107 
52 76 108 
53 77 109 
54 78 110 
55 79 111 
56 80 112 
57 81 113 
58 82 114 
59 83 115 
60 84 116 
1 85 117 
2 86 118 
3 87 119 
4 88 120 
5 61 89 
6 62 90 
7 63 91 
8 64 92 
9 65 93 
10 66 94 
11 67 95 
12 68 96 
13 69 97 
14 70 98 
15 71 99 
16 72 100 
17 73 101 
18 74 102 
19 75 103 
20 76 104 
21 77 105 
22 78 106 
23 79 107 
12 70 0 
13 71 0 
14 72 0 
15 73 0 
16 74 0 
17 75 0 
18 76 0 
19 77 0 
20 78 0 
21 79 0 
22 80 0 
23 81 0 
24 82 0 
25 83 0 
26 84 0 
27 85 0 
28 86 0 
29 87 0 
30 88 0 
31 89 0 
32 90 0 
33 91 0 
34 92 0 
35 93 0 
36 94 0 
37 95 0 
38 96 0 
39 97 0 
40 98 0 
41 99 0 
42 100 0 
43 101 0 
44 102 0 
45 103 0 
46 104 0 
47 105 0 
48 106 0 
49 107 0 
50 108 0 
51 109 0 
52 110 0 
53 111 0 
54 112 0 
55 113 0 
56 114 0 
57 115 0 
58 116 0 
59 117 0 
60 118 0 
1 119 0 
2 120 0 
3 61 0 
4 62 0 
5 63 0 
6 64 0 
7 65 0 
8 66 0 
9 67 0 
10 68 0 
11 69 0 
44 96 103 158 230 
45 97 104 159 231 
46 98 105 160 232 
47 99 106 161 233 
48 100 107 162 234 
49 101 108 163 235 
50 102 109 164 236 
51 103 110 165 237 
52 104 111 166 238 
53 105 112 167 239 
54 106 113 168 240 
55 107 114 169 181 
56 108 115 170 182 
57 109 116 171 183 
58 110 117 172 184 
59 111 118 173 185 
60 112 119 174 186 
1 113 120 175 187 
2 61 114 176 188 
3 62 115 177 189 
4 63 116 178 190 
5 64 117 179 191 
6 65 118 180 192 
7 66 119 121 193 
8 67 120 122 194 
9 61 68 123 195 
10 62 69 124 196 
11 63 70 125 197 
12 64 71 126 198 
13 65 72 127 199 
14 66 73 128 200 
15 67 74 129 201 
16 68 75 130 202 
17 69 76 131 203 
18 70 77 132 204 
19 71 78 133 205 
20 72 79 134 206 
21 73 80 135 207 
22 74 81 136 208 
23 75 82 137 209 
24 76 83 138 210 
25 77 84 139 211 
26 78 85 140 212 
27 79 86 141 213 
28 80 87 142 214 
29 81 88 143 215 
30 82 89 144 216 
31 83 90 145 217 
32 84 91 146 218 
33 85 92 147 219 
34 86 93 148 220 
35 87 94 149 221 
36 88 95 150 222 
37 89 96 151 223 
38 90 97 152 224 
39 91 98 153 225 
40 92 99 154 226 
41 93 100 155 227 
42 94 101 156 228 
43 95 102 157 229 
35 95 134 162 232 
36 96 135 163 233 
37 97 136 164 234 
38 98 137 165 235 
39 99 138 166 236 
40 100 139 167 237 
41 101 140 168 238 
42 102 141 169 239 
43 103 142 170 240 
44 104 143 171 181 
45 105 144 172 182 
46 106 145 173 183 
47 107 146 174 184 
48 108 147 175 185 
49 109 148 176 186 
50 110 149 177 187 
51 111 150 178 188 
52 112 151 179 189 
53 113 152 180 190 
54 114 121 153 191 
55 115 122 154 192 
56 116 123 155 193 
57 117 124 156 194 
58 118 125 157 195 
59 119 126 158 196 
60 120 127 159 197 
1 61 128 160 198 
2 62 129 161 199 
3 63 130 162 200 
4 64 131 163 201 
5 65 132 164 202 
6 66 133 165 203 
7 67 134 166 204 
8 68 135 167 205 
9 69 136 168 206 
10 70 137 169 207 
11 71 138 170 208 
12 72 139 171 209 
13 73 140 172 210 
14 74 141 173 211 
15 75 142 174 212 
16 76 143 175 213 
17 77 144 176 214 
18 78 145 177 215 
19 79 146 178 216 
20 80 147 179 217 
21 81 148 180 218 
22 82 121 149 219 
23 83 122 150 220 
24 84 123 151 221 
25 85 124 152 222 
26 86 125 153 223 
27 87 126 154 224 
28 88 127 155 225 
29 89 128 156 226 
30 90 129 157 227 
31 91 130 158 228 
32 92 131 159 229 
33 93 132 160 230 
34 94 133 161 231 
